[app/ui]
version = 6.3.0
modtime = 1450353141.859430000

[app/launcher]
version = 6.3.0
modtime = 1450353141.861727000
